{
  "header": {
    "version": "0.0.2", 
    "containers": 1, 
    "toc": {
      "skeletons": {
        "type": "skeleton", 
        "count": 1
      }
    }
  }, 
  "skeletons": [
    {
      "uc_name": "skeleton", 
      "uc_data": {
        "bones": [
          {
            "length": 2.0, 
            "flags": null, 
            "name": "Pilot_Bip01", 
            "color": [
              0.8, 
              0.8, 
              0.2
            ], 
            "radius": 1.0, 
            "debug_data": {
              "parent_name": ""
            }, 
            "model_space": {
              "s": [
                1.0, 
                1.0, 
                1.0
              ], 
              "r": [
                0.0, 
                -0.0, 
                0.0
              ], 
              "t": [
                -0.00019836399587802589, 
                -22.69964599609375, 
                356.54776000976563
              ], 
              "mtx": [
                1.0, 
                0.0, 
                0.0, 
                -0.00019836399587802589, 
                0.0, 
                1.0, 
                0.0, 
                -22.69964599609375, 
                0.0, 
                0.0, 
                1.0, 
                356.54776000976563, 
                0.0, 
                0.0, 
                0.0, 
                1.0
              ]
            }, 
            "mirror_index": -1, 
            "parent_index": -1
          }, 
          {
            "length": 2.0, 
            "flags": null, 
            "name": "Pilot_FX_Generic08", 
            "color": [
              0.8, 
              0.8, 
              0.2
            ], 
            "radius": 1.0, 
            "debug_data": {
              "parent_name": "Pilot_Bip01"
            }, 
            "model_space": {
              "s": [
                1.0000024141547024, 
                1.0000006912221044, 
                1.00000450903752
              ], 
              "r": [
                -0.01622241211924316, 
                0.02568046016363175, 
                -3.1040761388122915
              ], 
              "t": [
                -0.00019836399587802589, 
                -22.69964599609375, 
                356.54776000976563
              ], 
              "mtx": [
                -0.99896925687789917, 
                0.037919022142887115, 
                -0.025047596544027328, 
                -0.00019836399587802589, 
                -0.037495438009500504, 
                -0.99914991855621338, 
                -0.017173472791910172, 
                -22.69964599609375, 
                -0.025677699595689774, 
                -0.01621636375784874, 
                0.99954324960708618, 
                356.54776000976563, 
                0.0, 
                0.0, 
                0.0, 
                1.0
              ]
            }, 
            "mirror_index": -1, 
            "parent_index": 0
          }, 
          {
            "length": 2.0, 
            "flags": null, 
            "name": "Pilot_FX_Generic07", 
            "color": [
              0.8, 
              0.8, 
              0.2
            ], 
            "radius": 1.0, 
            "debug_data": {
              "parent_name": "Pilot_Bip01"
            }, 
            "model_space": {
              "s": [
                1.0000024141547024, 
                1.0000006912221044, 
                1.00000450903752
              ], 
              "r": [
                -0.01622241211924316, 
                0.02568046016363175, 
                -3.1040761388122915
              ], 
              "t": [
                -0.00019836399587802589, 
                -22.69964599609375, 
                356.54776000976563
              ], 
              "mtx": [
                -0.99896925687789917, 
                0.037919022142887115, 
                -0.025047596544027328, 
                -0.00019836399587802589, 
                -0.037495438009500504, 
                -0.99914991855621338, 
                -0.017173472791910172, 
                -22.69964599609375, 
                -0.025677699595689774, 
                -0.01621636375784874, 
                0.99954324960708618, 
                356.54776000976563, 
                0.0, 
                0.0, 
                0.0, 
                1.0
              ]
            }, 
            "mirror_index": -1, 
            "parent_index": 0
          }, 
          {
            "length": 2.0, 
            "flags": null, 
            "name": "Pilot_FX_Generic06", 
            "color": [
              0.8, 
              0.8, 
              0.2
            ], 
            "radius": 1.0, 
            "debug_data": {
              "parent_name": "Pilot_Bip01"
            }, 
            "model_space": {
              "s": [
                1.0000024141547024, 
                1.0000006912221044, 
                1.00000450903752
              ], 
              "r": [
                -0.01622241211924316, 
                0.02568046016363175, 
                -3.1040761388122915
              ], 
              "t": [
                -0.00019836399587802589, 
                -22.69964599609375, 
                356.54776000976563
              ], 
              "mtx": [
                -0.99896925687789917, 
                0.037919022142887115, 
                -0.025047596544027328, 
                -0.00019836399587802589, 
                -0.037495438009500504, 
                -0.99914991855621338, 
                -0.017173472791910172, 
                -22.69964599609375, 
                -0.025677699595689774, 
                -0.01621636375784874, 
                0.99954324960708618, 
                356.54776000976563, 
                0.0, 
                0.0, 
                0.0, 
                1.0
              ]
            }, 
            "mirror_index": -1, 
            "parent_index": 0
          }, 
          {
            "length": 2.0, 
            "flags": null, 
            "name": "Pilot_FX_Generic05", 
            "color": [
              0.8, 
              0.8, 
              0.2
            ], 
            "radius": 1.0, 
            "debug_data": {
              "parent_name": "Pilot_Bip01"
            }, 
            "model_space": {
              "s": [
                1.0000024141547024, 
                1.0000006912221044, 
                1.00000450903752
              ], 
              "r": [
                -0.01622241211924316, 
                0.02568046016363175, 
                -3.1040761388122915
              ], 
              "t": [
                -0.00019836399587802589, 
                -22.69964599609375, 
                356.54776000976563
              ], 
              "mtx": [
                -0.99896925687789917, 
                0.037919022142887115, 
                -0.025047596544027328, 
                -0.00019836399587802589, 
                -0.037495438009500504, 
                -0.99914991855621338, 
                -0.017173472791910172, 
                -22.69964599609375, 
                -0.025677699595689774, 
                -0.01621636375784874, 
                0.99954324960708618, 
                356.54776000976563, 
                0.0, 
                0.0, 
                0.0, 
                1.0
              ]
            }, 
            "mirror_index": -1, 
            "parent_index": 0
          }, 
          {
            "length": 2.0, 
            "flags": null, 
            "name": "Pilot_FX_Root", 
            "color": [
              0.8, 
              0.8, 
              0.2
            ], 
            "radius": 1.0, 
            "debug_data": {
              "parent_name": "Pilot_Bip01"
            }, 
            "model_space": {
              "s": [
                1.0, 
                1.0, 
                1.0
              ], 
              "r": [
                0.0, 
                -0.0, 
                0.0
              ], 
              "t": [
                -0.00019836399587802589, 
                -22.69964599609375, 
                356.54776000976563
              ], 
              "mtx": [
                1.0, 
                0.0, 
                0.0, 
                -0.00019836399587802589, 
                0.0, 
                1.0, 
                0.0, 
                -22.69964599609375, 
                0.0, 
                0.0, 
                1.0, 
                356.54776000976563, 
                0.0, 
                0.0, 
                0.0, 
                1.0
              ]
            }, 
            "mirror_index": -1, 
            "parent_index": 0
          }, 
          {
            "length": 2.0, 
            "flags": null, 
            "name": "Pilot_FX_Dynamic_R", 
            "color": [
              0.8, 
              0.8, 
              0.2
            ], 
            "radius": 1.0, 
            "debug_data": {
              "parent_name": "Pilot_Bip01"
            }, 
            "model_space": {
              "s": [
                1.0, 
                1.0, 
                1.0
              ], 
              "r": [
                0.0, 
                -0.0, 
                0.0
              ], 
              "t": [
                -0.00019836399587802589, 
                -22.69964599609375, 
                356.54776000976563
              ], 
              "mtx": [
                1.0, 
                0.0, 
                0.0, 
                -0.00019836399587802589, 
                0.0, 
                1.0, 
                0.0, 
                -22.69964599609375, 
                0.0, 
                0.0, 
                1.0, 
                356.54776000976563, 
                0.0, 
                0.0, 
                0.0, 
                1.0
              ]
            }, 
            "mirror_index": -1, 
            "parent_index": 0
          }, 
          {
            "length": 2.0, 
            "flags": null, 
            "name": "Pilot_FX_Dynamic_L", 
            "color": [
              0.8, 
              0.8, 
              0.2
            ], 
            "radius": 1.0, 
            "debug_data": {
              "parent_name": "Pilot_Bip01"
            }, 
            "model_space": {
              "s": [
                1.0, 
                1.0, 
                1.0
              ], 
              "r": [
                0.0, 
                -0.0, 
                0.0
              ], 
              "t": [
                -0.00019836399587802589, 
                -22.69964599609375, 
                356.54776000976563
              ], 
              "mtx": [
                1.0, 
                0.0, 
                0.0, 
                -0.00019836399587802589, 
                0.0, 
                1.0, 
                0.0, 
                -22.69964599609375, 
                0.0, 
                0.0, 
                1.0, 
                356.54776000976563, 
                0.0, 
                0.0, 
                0.0, 
                1.0
              ]
            }, 
            "mirror_index": -1, 
            "parent_index": 0
          }, 
          {
            "length": 2.0, 
            "flags": null, 
            "name": "Pilot_FX_Dynamic_D", 
            "color": [
              0.8, 
              0.8, 
              0.2
            ], 
            "radius": 1.0, 
            "debug_data": {
              "parent_name": "Pilot_Bip01"
            }, 
            "model_space": {
              "s": [
                1.0, 
                1.0, 
                1.0
              ], 
              "r": [
                0.0, 
                -0.0, 
                0.0
              ], 
              "t": [
                -0.00019836399587802589, 
                -22.69964599609375, 
                356.54776000976563
              ], 
              "mtx": [
                1.0, 
                0.0, 
                0.0, 
                -0.00019836399587802589, 
                0.0, 
                1.0, 
                0.0, 
                -22.69964599609375, 
                0.0, 
                0.0, 
                1.0, 
                356.54776000976563, 
                0.0, 
                0.0, 
                0.0, 
                1.0
              ]
            }, 
            "mirror_index": -1, 
            "parent_index": 0
          }, 
          {
            "length": 2.0, 
            "flags": null, 
            "name": "Pilot_FX_Dynamic_C", 
            "color": [
              0.8, 
              0.8, 
              0.2
            ], 
            "radius": 1.0, 
            "debug_data": {
              "parent_name": "Pilot_Bip01"
            }, 
            "model_space": {
              "s": [
                1.0, 
                1.0, 
                1.0
              ], 
              "r": [
                0.0, 
                -0.0, 
                0.0
              ], 
              "t": [
                -0.00019836399587802589, 
                -22.69964599609375, 
                356.54776000976563
              ], 
              "mtx": [
                1.0, 
                0.0, 
                0.0, 
                -0.00019836399587802589, 
                0.0, 
                1.0, 
                0.0, 
                -22.69964599609375, 
                0.0, 
                0.0, 
                1.0, 
                356.54776000976563, 
                0.0, 
                0.0, 
                0.0, 
                1.0
              ]
            }, 
            "mirror_index": -1, 
            "parent_index": 0
          }, 
          {
            "length": 2.0, 
            "flags": null, 
            "name": "Pilot_FX_Dynamic_B", 
            "color": [
              0.8, 
              0.8, 
              0.2
            ], 
            "radius": 1.0, 
            "debug_data": {
              "parent_name": "Pilot_Bip01"
            }, 
            "model_space": {
              "s": [
                1.0, 
                1.0, 
                1.0
              ], 
              "r": [
                0.0, 
                -0.0, 
                0.0
              ], 
              "t": [
                -0.00019836399587802589, 
                -22.69964599609375, 
                356.54776000976563
              ], 
              "mtx": [
                1.0, 
                0.0, 
                0.0, 
                -0.00019836399587802589, 
                0.0, 
                1.0, 
                0.0, 
                -22.69964599609375, 
                0.0, 
                0.0, 
                1.0, 
                356.54776000976563, 
                0.0, 
                0.0, 
                0.0, 
                1.0
              ]
            }, 
            "mirror_index": -1, 
            "parent_index": 0
          }, 
          {
            "length": 2.0, 
            "flags": null, 
            "name": "Pilot_FX_Dynamic_A", 
            "color": [
              0.8, 
              0.8, 
              0.2
            ], 
            "radius": 1.0, 
            "debug_data": {
              "parent_name": "Pilot_Bip01"
            }, 
            "model_space": {
              "s": [
                1.0, 
                1.0, 
                1.0
              ], 
              "r": [
                0.0, 
                -0.0, 
                0.0
              ], 
              "t": [
                -0.00019836399587802589, 
                -22.69964599609375, 
                356.54776000976563
              ], 
              "mtx": [
                1.0, 
                0.0, 
                0.0, 
                -0.00019836399587802589, 
                0.0, 
                1.0, 
                0.0, 
                -22.69964599609375, 
                0.0, 
                0.0, 
                1.0, 
                356.54776000976563, 
                0.0, 
                0.0, 
                0.0, 
                1.0
              ]
            }, 
            "mirror_index": -1, 
            "parent_index": 0
          }, 
          {
            "length": 2.0, 
            "flags": null, 
            "name": "Pilot_mshCtrl_body", 
            "color": [
              0.8, 
              0.8, 
              0.2
            ], 
            "radius": 1.0, 
            "debug_data": {
              "parent_name": "Pilot_Bip01"
            }, 
            "model_space": {
              "s": [
                1.0, 
                1.0, 
                1.0
              ], 
              "r": [
                0.0, 
                -0.0, 
                0.0
              ], 
              "t": [
                -0.00019836399587802589, 
                -21.171146392822266, 
                500.966796875
              ], 
              "mtx": [
                1.0, 
                0.0, 
                0.0, 
                -0.00019836399587802589, 
                0.0, 
                1.0, 
                0.0, 
                -21.171146392822266, 
                0.0, 
                0.0, 
                1.0, 
                500.966796875, 
                0.0, 
                0.0, 
                0.0, 
                1.0
              ]
            }, 
            "mirror_index": -1, 
            "parent_index": 0
          }, 
          {
            "length": 2.0, 
            "flags": null, 
            "name": "Pilot_RootHelper", 
            "color": [
              0.8, 
              0.8, 
              0.2
            ], 
            "radius": 1.0, 
            "debug_data": {
              "parent_name": "Pilot_Bip01"
            }, 
            "model_space": {
              "s": [
                1.0, 
                1.0, 
                1.0
              ], 
              "r": [
                0.0, 
                -0.0, 
                0.0
              ], 
              "t": [
                -0.00019836399587802589, 
                -22.69964599609375, 
                356.54776000976563
              ], 
              "mtx": [
                1.0, 
                0.0, 
                0.0, 
                -0.00019836399587802589, 
                0.0, 
                1.0, 
                0.0, 
                -22.69964599609375, 
                0.0, 
                0.0, 
                1.0, 
                356.54776000976563, 
                0.0, 
                0.0, 
                0.0, 
                1.0
              ]
            }, 
            "mirror_index": -1, 
            "parent_index": 0
          }, 
          {
            "length": 2.0, 
            "flags": null, 
            "name": "Pilot_mshBn_spine01", 
            "color": [
              0.8, 
              0.8, 
              0.2
            ], 
            "radius": 1.0, 
            "debug_data": {
              "parent_name": "Pilot_mshCtrl_body"
            }, 
            "model_space": {
              "s": [
                1.0000001340443327, 
                0.9999998656535084, 
                1.0000000296290446
              ], 
              "r": [
                -1.5711135823838511, 
                -1.5663045486126213, 
                -1.5709015259607113
              ], 
              "t": [
                -0.00016784631588961929, 
                -21.171146392822266, 
                500.966796875
              ], 
              "mtx": [
                -4.7252979129552841e-07, 
                -0.00042245362419635057, 
                0.99999994039535522, 
                -0.00016784631588961929, 
                -0.0044917636550962925, 
                -0.99998968839645386, 
                -0.0004224515869282186, 
                -21.171146392822266, 
                0.99999004602432251, 
                -0.0044917636550962925, 
                -1.4257384464144707e-06, 
                500.966796875, 
                0.0, 
                0.0, 
                0.0, 
                1.0
              ]
            }, 
            "mirror_index": -1, 
            "parent_index": 12
          }, 
          {
            "length": 2.0, 
            "flags": null, 
            "name": "Pilot_mshBn_pelvis", 
            "color": [
              0.8, 
              0.8, 
              0.2
            ], 
            "radius": 1.0, 
            "debug_data": {
              "parent_name": "Pilot_mshCtrl_body"
            }, 
            "model_space": {
              "s": [
                1.0000001561718532, 
                1.0000000969997231, 
                1.0000000000270468
              ], 
              "r": [
                -1.5708036837768613, 
                1.4540908649754511, 
                1.5707963267948966
              ], 
              "t": [
                -0.00019836399587802589, 
                -21.171144485473633, 
                500.966796875
              ], 
              "mtx": [
                0.0, 
                7.3569826781749725e-06, 
                -1.0, 
                -0.00019836399587802589, 
                0.11644073575735092, 
                -0.9931977391242981, 
                -7.3108822107315063e-06, 
                -21.171144485473633, 
                -0.99319779872894287, 
                -0.11644073575735092, 
                -8.0466270446777344e-07, 
                500.966796875, 
                0.0, 
                0.0, 
                0.0, 
                1.0
              ]
            }, 
            "mirror_index": -1, 
            "parent_index": 12
          }, 
          {
            "length": 2.0, 
            "flags": null, 
            "name": "Pilot_mshBn_cape01", 
            "color": [
              0.8, 
              0.8, 
              0.2
            ], 
            "radius": 1.0, 
            "debug_data": {
              "parent_name": "Pilot_mshCtrl_body"
            }, 
            "model_space": {
              "s": [
                0.99999972328414888, 
                0.99999988521210037, 
                0.99999986719668144
              ], 
              "r": [
                -1.5698460233985079, 
                1.4399834300532546, 
                1.5707839891364912
              ], 
              "t": [
                -0.00021348873269744217, 
                0.97255313396453857, 
                497.49880981445313
              ], 
              "mtx": [
                1.6093254089355469e-06, 
                -0.00096253538504242897, 
                -0.99999940395355225, 
                -0.00021348873269744217, 
                0.13044010102748871, 
                -0.99145561456680298, 
                0.00095452368259429932, 
                0.97255313396453857, 
                -0.99145591259002686, 
                -0.13044005632400513, 
                0.0001239776611328125, 
                497.49880981445313, 
                0.0, 
                0.0, 
                0.0, 
                1.0
              ]
            }, 
            "mirror_index": -1, 
            "parent_index": 12
          }, 
          {
            "length": 2.0, 
            "flags": null, 
            "name": "Pilot_GrannyRootBone", 
            "color": [
              0.8, 
              0.8, 
              0.2
            ], 
            "radius": 1.0, 
            "debug_data": {
              "parent_name": "Pilot_RootHelper"
            }, 
            "model_space": {
              "s": [
                1.0, 
                1.0, 
                1.0
              ], 
              "r": [
                0.0, 
                -0.0, 
                0.0
              ], 
              "t": [
                -0.00019836399587802589, 
                -22.69964599609375, 
                356.54776000976563
              ], 
              "mtx": [
                1.0, 
                0.0, 
                0.0, 
                -0.00019836399587802589, 
                0.0, 
                1.0, 
                0.0, 
                -22.69964599609375, 
                0.0, 
                0.0, 
                1.0, 
                356.54776000976563, 
                0.0, 
                0.0, 
                0.0, 
                1.0
              ]
            }, 
            "mirror_index": -1, 
            "parent_index": 13
          }, 
          {
            "length": 2.0, 
            "flags": null, 
            "name": "Pilot_mshBn_spine02", 
            "color": [
              0.8, 
              0.8, 
              0.2
            ], 
            "radius": 1.0, 
            "debug_data": {
              "parent_name": "Pilot_mshBn_spine01"
            }, 
            "model_space": {
              "s": [
                1.0000002708343299, 
                1.0000000951639803, 
                0.99999998766284459
              ], 
              "r": [
                1.570331289562238, 
                -1.3323245670393704, 
                1.5707991024138597
              ], 
              "t": [
                -0.0002136227412847802, 
                -21.314884185791016, 
                532.966796875
              ], 
              "mtx": [
                -6.5565109252929688e-07, 
                -0.00046234019100666046, 
                0.99999988079071045, 
                -0.0002136227412847802, 
                0.23621797561645508, 
                -0.97170007228851318, 
                -0.00044912099838256836, 
                -21.314884185791016, 
                0.97170037031173706, 
                0.23621800541877747, 
                0.00010970234870910645, 
                532.966796875, 
                0.0, 
                0.0, 
                0.0, 
                1.0
              ]
            }, 
            "mirror_index": -1, 
            "parent_index": 14
          }, 
          {
            "length": 2.0, 
            "flags": null, 
            "name": "Pilot_FX_bannerDock", 
            "color": [
              0.8, 
              0.8, 
              0.2
            ], 
            "radius": 1.0, 
            "debug_data": {
              "parent_name": "Pilot_mshBn_spine01"
            }, 
            "model_space": {
              "s": [
                1.0000001192942487, 
                1.0000001194721626, 
                1.0000001193732615
              ], 
              "r": [
                -0.0004886462895264326, 
                5.513428984003543e-07, 
                -1.3023613330150828e-05
              ], 
              "t": [
                -0.00014595808170270175, 
                -22.699611663818359, 
                356.5477294921875
              ], 
              "mtx": [
                1.0000001192092896, 
                1.3004057109355927e-05, 
                6.631016731262207e-07, 
                -0.00014595808170270175, 
                -1.3023614883422852e-05, 
                1.0, 
                0.00048861652612686157, 
                -22.699611663818359, 
                -5.5134296417236328e-07, 
                -0.00048864632844924927, 
                1.0, 
                356.5477294921875, 
                0.0, 
                0.0, 
                0.0, 
                1.0
              ]
            }, 
            "mirror_index": -1, 
            "parent_index": 14
          }, 
          {
            "length": 2.0, 
            "flags": null, 
            "name": "Pilot_mshHlpr_weaponDockHip_R", 
            "color": [
              0.8, 
              0.8, 
              0.2
            ], 
            "radius": 1.0, 
            "debug_data": {
              "parent_name": "Pilot_mshBn_pelvis"
            }, 
            "model_space": {
              "s": [
                1.0000009828742089, 
                0.99999985886280118, 
                1.0000005703361465
              ], 
              "r": [
                -1.8252002773558387, 
                0.7081759685491338, 
                -1.8041229806121306
              ], 
              "t": [
                -23.637105941772461, 
                -37.009147644042969, 
                505.0347900390625
              ], 
              "mtx": [
                -0.17561966180801392, 
                -0.099295765161514282, 
                0.97943812608718872, 
                -23.637105941772461, 
                -0.73896849155426025, 
                0.67064523696899414, 
                -0.064512372016906738, 
                -37.009147644042969, 
                -0.65045005083084106, 
                -0.73510205745697021, 
                -0.19115504622459412, 
                505.0347900390625, 
                0.0, 
                0.0, 
                0.0, 
                1.0
              ]
            }, 
            "mirror_index": -1, 
            "parent_index": 15
          }, 
          {
            "length": 2.0, 
            "flags": null, 
            "name": "Pilot_mshHlpr_weaponDockHip_L", 
            "color": [
              0.8, 
              0.8, 
              0.2
            ], 
            "radius": 1.0, 
            "debug_data": {
              "parent_name": "Pilot_mshBn_pelvis"
            }, 
            "model_space": {
              "s": [
                0.99999993393934083, 
                0.99999923685582792, 
                1.0000007128953343
              ], 
              "r": [
                -1.3163910983558347, 
                0.7081771022387581, 
                -1.3374686686787602
              ], 
              "t": [
                23.636711120605469, 
                -37.009140014648438, 
                505.0347900390625
              ], 
              "mtx": [
                0.17562004923820496, 
                0.099296197295188904, 
                0.97943830490112305, 
                23.636711120605469, 
                -0.73896682262420654, 
                0.67064535617828369, 
                0.064511999487876892, 
                -37.009140014648438, 
                -0.65045022964477539, 
                -0.73510104417800903, 
                0.19115500152111053, 
                505.0347900390625, 
                0.0, 
                0.0, 
                0.0, 
                1.0
              ]
            }, 
            "mirror_index": -1, 
            "parent_index": 15
          }, 
          {
            "length": 2.0, 
            "flags": null, 
            "name": "Pilot_mshHlpr_weaponDockHipC_R", 
            "color": [
              0.8, 
              0.8, 
              0.2
            ], 
            "radius": 1.0, 
            "debug_data": {
              "parent_name": "Pilot_mshBn_pelvis"
            }, 
            "model_space": {
              "s": [
                1.0000007203050165, 
                1.00000042617499, 
                0.99999948030113361
              ], 
              "r": [
                -1.825200054266124, 
                0.7081754871408128, 
                -1.80412361047615
              ], 
              "t": [
                -31.402133941650391, 
                -37.010345458984375, 
                506.14675903320313
              ], 
              "mtx": [
                -0.17562015354633331, 
                -0.099295169115066528, 
                0.97943711280822754, 
                -31.402133941650391, 
                -0.73896849155426025, 
                0.67064571380615234, 
                -0.064511433243751526, 
                -37.010345458984375, 
                -0.65044951438903809, 
                -0.73510247468948364, 
                -0.1911548525094986, 
                506.14675903320313, 
                0.0, 
                0.0, 
                0.0, 
                1.0
              ]
            }, 
            "mirror_index": -1, 
            "parent_index": 15
          }, 
          {
            "length": 2.0, 
            "flags": null, 
            "name": "Pilot_mshHlpr_weaponDockHipC_L", 
            "color": [
              0.8, 
              0.8, 
              0.2
            ], 
            "radius": 1.0, 
            "debug_data": {
              "parent_name": "Pilot_mshBn_pelvis"
            }, 
            "model_space": {
              "s": [
                1.0000005629712163, 
                0.99999964222097437, 
                0.99999951873326354
              ], 
              "r": [
                -1.3163923165715203, 
                0.7081770344010458, 
                -1.3374688319783354
              ], 
              "t": [
                31.401718139648438, 
                -37.010341644287109, 
                506.14678955078125
              ], 
              "mtx": [
                0.17562004923820496, 
                0.099295139312744141, 
                0.97943705320358276, 
                31.401718139648438, 
                -0.73896735906600952, 
                0.67064559459686279, 
                0.064511388540267944, 
                -37.010341644287109, 
                -0.65045058727264404, 
                -0.73510152101516724, 
                0.19115537405014038, 
                506.14678955078125, 
                0.0, 
                0.0, 
                0.0, 
                1.0
              ]
            }, 
            "mirror_index": -1, 
            "parent_index": 15
          }, 
          {
            "length": 2.0, 
            "flags": null, 
            "name": "Pilot_mshHlpr_weaponDockHipB_R", 
            "color": [
              0.8, 
              0.8, 
              0.2
            ], 
            "radius": 1.0, 
            "debug_data": {
              "parent_name": "Pilot_mshBn_pelvis"
            }, 
            "model_space": {
              "s": [
                0.99999983601239861, 
                1.0000001988866607, 
                1.0000005155896434
              ], 
              "r": [
                -1.825200213478006, 
                0.7081760089939695, 
                -1.8041231000823874
              ], 
              "t": [
                -27.911323547363281, 
                -37.009757995605469, 
                505.67474365234375
              ], 
              "mtx": [
                -0.17561954259872437, 
                -0.09929569810628891, 
                0.97943806648254395, 
                -27.911323547363281, 
                -0.73896759748458862, 
                0.67064529657363892, 
                -0.064512163400650024, 
                -37.009757995605469, 
                -0.65044933557510376, 
                -0.73510247468948364, 
                -0.19115513563156128, 
                505.67474365234375, 
                0.0, 
                0.0, 
                0.0, 
                1.0
              ]
            }, 
            "mirror_index": -1, 
            "parent_index": 15
          }, 
          {
            "length": 2.0, 
            "flags": null, 
            "name": "Pilot_mshHlpr_weaponDockHipB_L", 
            "color": [
              0.8, 
              0.8, 
              0.2
            ], 
            "radius": 1.0, 
            "debug_data": {
              "parent_name": "Pilot_mshBn_pelvis"
            }, 
            "model_space": {
              "s": [
                1.0000005555204428, 
                0.99999970763557089, 
                1.0000005587532739
              ], 
              "r": [
                -1.316391289682731, 
                0.708177119255319, 
                -1.3374684903005314
              ], 
              "t": [
                27.910907745361328, 
                -37.009727478027344, 
                505.67474365234375
              ], 
              "mtx": [
                0.17562028765678406, 
                0.099295914173126221, 
                0.9794381856918335, 
                27.910907745361328, 
                -0.73896723985671997, 
                0.67064577341079712, 
                0.064511552453041077, 
                -37.009727478027344, 
                -0.65045064687728882, 
                -0.73510134220123291, 
                0.19115495681762695, 
                505.67474365234375, 
                0.0, 
                0.0, 
                0.0, 
                1.0
              ]
            }, 
            "mirror_index": -1, 
            "parent_index": 15
          }, 
          {
            "length": 2.0, 
            "flags": null, 
            "name": "Pilot_mshBn_thigh_R", 
            "color": [
              0.8, 
              0.8, 
              0.2
            ], 
            "radius": 1.0, 
            "debug_data": {
              "parent_name": "Pilot_mshBn_pelvis"
            }, 
            "model_space": {
              "s": [
                0.99999995060664493, 
                1.0000001058741379, 
                1.0000000510911646
              ], 
              "r": [
                -0.8421046876506073, 
                1.4361227315435117, 
                2.1921940016022208
              ], 
              "t": [
                -11.030197143554688, 
                -20.797784805297852, 
                489.84683227539063
              ], 
              "mtx": [
                -0.078166425228118896, 
                -0.11102097481489182, 
                -0.99073934555053711, 
                -11.030197143554688, 
                0.10916776210069656, 
                -0.98875713348388672, 
                0.10218584537506104, 
                -20.797784805297852, 
                -0.99094516038894653, 
                -0.10016928613185883, 
                0.08940751850605011, 
                489.84683227539063, 
                0.0, 
                0.0, 
                0.0, 
                1.0
              ]
            }, 
            "mirror_index": -1, 
            "parent_index": 15
          }, 
          {
            "length": 2.0, 
            "flags": null, 
            "name": "Pilot_mshBn_thigh_L", 
            "color": [
              0.8, 
              0.8, 
              0.2
            ], 
            "radius": 1.0, 
            "debug_data": {
              "parent_name": "Pilot_mshBn_pelvis"
            }, 
            "model_space": {
              "s": [
                0.99999989455430505, 
                1.0000002559035297, 
                1.0000001315101865
              ], 
              "r": [
                -2.2994870818133935, 
                1.4361227013063642, 
                0.949399181135368
              ], 
              "t": [
                11.029786109924316, 
                -20.797784805297852, 
